Vysledky a vstupy:
==================

s  p(s)  opt?   num?   z_max       x(1)         x(2)         x(3)         b_UP(1)         b_UP(2)         b_UP(3)         b_UP(4)         b_DN(1)         b_DN(2)         b_DN(3)         b_DN(4)         Yp(1)         Yp(2)         Yp(3)         Yp(4)         Ym(1)         Ym(2)         Ym(3)         Ym(4)         x_UP(1)         x_UP(2)         x_UP(3)         x_DN(1)         x_DN(2)         x_DN(3)         a(1,1)         a(1,2)         a(1,3)         a(2,1)         a(2,2)         a(2,3)         a(3,1)         a(3,2)         a(3,3)         a(4,1)         a(4,2)         a(4,3)          qp(1)           qp(2)           qp(3)           qp(4)           qm(1)           qm(2)           qm(3)           qm(4)
EV        1      1    20092.48     39.17        40.00        57.23        4000.00         3000.00         4500.00         3000.00         1000.00         1500.00         4000.00          800.00        176.96          0.00          0.00         31.01          0.00          0.00          0.00          0.00         100.00          100.00          100.00          20.00           40.00           20.00           28.50          28.25          27.55          22.90          22.10          21.30          30.70          34.65          33.40          21.85          20.35          22.70           0.00            0.00            0.00            0.00            22.50           23.50           17.00            0.00
1  0.350  1      1    19489.83     39.17        40.00        57.23        4000.00         3000.00         4500.00         3000.00         1000.00         1500.00         4000.00          800.00        159.68         16.42          0.00          0.00          0.00          0.00         20.09        113.60         100.00          100.00          100.00          20.00           40.00           20.00           30.00          28.00          27.00          22.00          23.00          21.00          31.00          34.00          34.00          24.00          20.00          24.00           0.00            0.00            0.00            0.00            10.00           20.00           30.00            0.00
2  0.350  1      1    19491.60     39.17        40.00        57.23        4000.00         3000.00         4500.00         3000.00         1000.00         1500.00         4000.00          800.00        256.90         16.42          0.00          0.02          0.00          0.00         60.09          0.00         100.00          100.00          100.00          20.00           40.00           20.00           30.00          27.00          26.00          22.00          23.00          21.00          31.00          35.00          34.00          23.00          21.00          22.00           0.00            0.00            0.00            0.00            20.00           30.00           10.00            0.00
3  0.300  1      1    19326.05     39.17        40.00        57.23        4000.00         3000.00         4500.00         3000.00         1000.00         1500.00         4000.00          800.00        103.86          0.00         93.54        235.89          0.00         38.32          0.00          0.00         100.00          100.00          100.00          20.00           40.00           20.00           25.00          30.00          30.00          25.00          20.00          22.00          30.00          35.00          32.00          18.00          20.00          22.00           0.00            0.00            0.00            0.00            40.00           20.00           10.00            0.00
EEV    =   19441.31
varzEV =    5694.86
stdzEV =      75.46
