Vysledky a vstupy:
------------------
s  p(s) opt? num?  z_max  x(1)  x(2)  x(3)  c(1)  c(2)  c(3)  b(1)  b(2)  b(3)  b(4) a(1,1) a(1,2) a(1,3) a(2,1) a(2,2) a(2,3) a(3,1) a(3,2) a(3,3) a(4,1) a(4,2) a(4,3)
1     0      1      1  1.48E+5  1820  3059     0    32    29    26   6165   8634   8574   5763       1       1       1       1       2       2       2       1       2       2       1       2
2     0      1      1  1.16E+5  3199     0   261    34    28    21   8112   6651   8035   5831       2       1       2       2       2       1       1       1       2       2       1       1
3     1      1      1  1.74E+5  5216     0   156    33    22    27   7755   8177   6592   8093       1       1       1       1       1       1       1       1       1       1       1       1

EzWS   =  162155
varzWS = 2.16E+8
stdzWS =   14697
