Vysledky a vstupy:
==================

s  p(s)  opt?   num?   z_max       x(1)         x(2)         x(3)         x(4)         b_UP(1)         b_UP(2)         b_UP(3)         b_UP(4)         b_DN(1)         b_DN(2)         b_DN(3)         b_DN(4)         x_UP(1)         x_UP(2)         x_UP(3)         x_UP(4)         x_DN(1)         x_DN(2)         x_DN(3)         x_DN(4)         a(1,1)         a(1,2)         a(1,3)         a(1,4)         a(2,1)         a(2,2)         a(2,3)         a(2,4)         a(3,1)         a(3,2)         a(3,3)         a(3,4)         a(4,1)         a(4,2)         a(4,3)         a(4,4)
1  0.445  4      1   13468.74     226.16       100.00      -233.50        0.00        4000.00         3000.00         4500.00         3000.00         1000.00         1500.00         4000.00          800.00          100.00          100.00          100.00            0.00           20.00           40.00           20.00            0.00          17.58          19.52          20.25          22.50          29.87          24.60          25.03          20.27          23.84          24.99          16.66          28.09          23.91          21.96          19.71          17.73
2  0.172  4      1   22272.51      20.00        79.98        50.17        0.00        4000.00         3000.00         4500.00         3000.00         1000.00         1500.00         4000.00          800.00          100.00          100.00          100.00            0.00           20.00           40.00           20.00            0.00          27.65          19.38          27.84          29.97          26.43          17.39          21.53          16.97          27.46          26.64          22.54          18.98          25.84          21.20          15.70          24.69
3  0.382  4      1   24607.95     100.00        47.79        20.00        0.00        4000.00         3000.00         4500.00         3000.00         1000.00         1500.00         4000.00          800.00          100.00          100.00          100.00            0.00           20.00           40.00           20.00            0.00          23.26          18.36          16.01          23.68          16.96          18.75          20.40          17.25          18.46          19.55          17.40          19.29          24.42          16.77          20.08          23.41
EzWS=    19244.76
varzWS=2.74362E+7
stdzWS=   5237.96
